ID	Description	GeneRatio	BgRatio	RichFactor	FoldEnrichment	zScore	pvalue	p.adjust	qvalue	geneID	Count
GO:0046873	GO:0046873	metal ion transmembrane transporter activity	54/1230	446/18662	0.121076233183857	1.83701192168872	4.75246544544494	1.09989488577345e-05	0.0115268984029058	0.0106516136306482	9132/6536/57685/481/254428/54805/338440/3784/3746/55800/6539/23416/41/4891/6334/59341/5025/283537/540/10021/6553/114780/489/27092/610/79041/9424/6261/478/6543/54795/57030/3748/59284/3777/30818/26504/140738/60598/3745/6526/3761/8911/776/54946/168507/3757/2907/116443/2902/389816/27112/93380/6535	54
GO:0005085	GO:0005085	guanyl-nucleotide exchange factor activity	31/1230	232/18662	0.133620689655172	2.02734090271937	4.18256123415959	0.000137567688617434	0.0487746443372149	0.0450709851247867	57449/55160/84033/58480/221002/5662/85442/6764/8567/55004/9828/23348/23263/440193/10125/51195/10672/6915/50649/414918/9922/1795/152/8649/153478/54974/89846/9649/10044/5900/23096	31
GO:0004714	GO:0004714	transmembrane receptor protein tyrosine kinase activity	13/1230	61/18662	0.213114754098361	3.23345328535253	4.64109061530835	0.000139622073484394	0.0487746443372149	0.0450709851247867	2048/1944/5979/2263/1949/2064/3643/2049/53834/2261/2264/2041/5157	13
